data/terrain1_ascii/hc_cp_ascii_5m.asc
ncols         607
nrows         569
xllcorner     612166.73
yllcorner     5467513.83
cellsize      5
NODATA_value  -9999
[rows 84 to 111 of 569, columns 0 to 62 of 607]
-9999 -9999 33.03536 33.04499 33.05399 33.06226 33.06967 33.07609 33.08138 33.08532 33.08762 33.08792 33.0858 33.08097 33.07326 33.06279 33.04984 33.03476 33.01745 32.99794 32.97644 32.9531 32.92786 32.90105 32.87331 32.84635 32.82623 32.82993 32.84709 32.86922 32.89208 32.91486 32.93747 32.96023 32.98403 33.00841 33.03357 33.04462 33.02891 33.04385 33.06776 33.0905 33.11198 33.13181 33.14869 33.16104 33.1692 33.18239 33.19138 33.2024 33.28997 33.40014 33.39137 33.35661 33.27584 33.2609 33.30478 33.39071 33.4949 33.5303 33.51867 33.56949 33.58375
-9999 -9999 33.04835 33.0586 33.06822 33.07704 33.08492 33.09167 33.09712 33.1011 33.10332 33.10338 33.10078 33.09503 33.08583 33.07346 33.05826 33.04063 33.02047 32.99787 32.97299 32.94572 32.91606 32.88455 32.8521 32.82164 32.80669 32.8217 32.84285 32.86542 32.8877 32.90938 32.93125 32.95387 32.97648 32.99926 33.02285 33.04253 33.01897 33.04809 33.07641 33.10384 33.12876 33.14418 33.18285 33.34529 33.39827 33.48689 33.55185 33.60682 33.59181 33.56147 33.54565 33.53991 33.69785 33.7238 33.82485 33.83968 33.85537 33.84729 33.83201 33.82476 33.76019
-9999 -9999 -9999 33.07372 33.08401 33.09351 33.10206 33.10942 33.11532 33.11949 33.12163 33.12138 33.11802 33.11095 33.09994 33.0853 33.06744 33.04682 33.02332 32.997 32.96799 32.93607 32.90127 32.86414 32.82607 32.79401 32.79766 32.8179 32.84048 32.86245 32.88314 32.90434 32.92549 32.94557 32.9646 32.98283 33.00122 33.01037 33.02345 33.06349 33.10833 33.21656 33.32428 33.48582 33.59126 33.60944 33.70029 33.76445 33.74062 33.71769 33.73564 33.83863 33.87756 33.98516 33.98243 34.02087 33.99617 34.01073 33.96977 34.04599 34.03122 34.0197 33.95815
-9999 -9999 -9999 33.09049 33.1016 33.11192 33.12128 33.12947 33.13617 33.14098 33.1434 33.14275 33.13834 33.12961 33.11632 33.09884 33.07774 33.05348 33.02588 32.995 32.96078 32.9229 32.88152 32.83739 32.79329 32.77508 32.7955 32.8196 32.84248 32.86362 32.88542 32.90483 32.92093 32.93253 32.93774 32.93345 33.00659 33.08406 33.23008 33.34996 33.41969 33.52188 33.61794 33.75478 33.86844 33.91202 33.95395 33.99572 34.06609 34.03052 34.08787 34.17294 34.26904 34.28274 34.25843 34.21783 34.17321 34.11006 34.21055 34.24711 34.30696 34.43381 34.30254
-9999 -9999 -9999 33.10918 33.12128 33.1326 33.14297 33.15221 33.15994 33.16558 33.16847 33.1679 33.16296 33.15268 33.13675 33.1157 33.09049 33.06148 33.02847 32.99154 32.95027 32.90433 32.85401 32.80048 32.75384 32.77188 32.80003 32.82704 32.85896 32.88945 32.91521 32.93386 32.95342 33.10889 33.25039 33.32701 33.41781 33.43831 33.54646 33.68819 33.84823 33.81975 33.80397 33.94044 33.9523 33.99364 33.99728 34.06018 34.19693 34.39983 34.3665 34.43776 34.46452 34.49667 34.52998 34.4898 34.38042 34.46256 34.54231 34.45727 34.51959 34.57496 34.60256
-9999 -9999 -9999 33.13012 33.14342 33.15599 33.16766 33.17817 33.18694 33.19342 33.19697 33.19677 33.1917 33.18051 33.16268 33.13869 33.10941 33.07481 33.03473 32.98917 32.93725 32.87874 32.81393 32.74527 32.73895 32.76548 32.82458 32.90263 33.02652 33.06316 33.07621 33.19855 33.32428 33.46157 33.55715 33.59141 33.6717 33.76738 33.89209 33.87183 33.85065 33.87721 33.89254 33.8954 33.96743 34.27149 34.65891 34.75531 34.61015 34.7372 34.78823 34.85472 34.82247 34.79344 34.81363 34.89818 34.71679 34.70949 34.74932 34.77719 34.80857 34.79878 34.84684
-9999 -9999 -9999 33.15376 33.16855 33.18269 33.19579 33.20751 33.21751 33.22515 33.22969 33.23013 33.22508 33.21304 33.19331 33.16657 33.13384 33.09475 33.04887 32.99522 32.932 32.85732 32.76744 32.67762 32.80869 32.93113 33.1102 33.22933 33.28447 33.30928 33.37256 33.41048 33.5459 33.66997 33.78242 33.86882 33.94237 33.95782 33.91702 33.92781 34.06621 34.19604 34.47158 35.03134 34.83765 34.92736 34.71122 34.72104 34.62167 34.65932 34.64444 34.70594 34.82339 34.95027 34.97033 35.06899 35.03246 35.06742 34.88534 34.89965 35.02645 35.05679 35.11652
-9999 -9999 -9999 33.18077 33.19725 33.2129 33.22751 33.24082 33.25247 33.26175 33.26775 33.26931 33.26462 33.25172 33.22991 33.20016 33.1635 33.1191 33.06639 33.00306 32.92722 32.84288 32.65549 32.77973 32.87442 32.95281 33.06708 33.15842 33.22094 33.21467 33.25865 33.35062 33.61258 33.81448 33.92303 33.83924 33.72578 34.00093 34.452 34.65097 35.07811 35.21391 35.29426 35.37057 35.19808 35.25248 35.20868 35.23769 35.16048 35.09885 34.99918 35.02041 35.03751 35.00514 34.99383 35.03075 34.99257 35.29908 35.38919 35.3563 35.41055 35.49038 35.45555
-9999 -9999 -9999 33.21132 33.22953 33.24705 33.26368 33.27914 33.2931 33.30476 33.31309 33.31656 33.31277 33.2993 33.27561 33.24335 33.20335 33.15532 33.09917 33.03374 32.96451 32.78574 32.75792 32.7331 32.68119 32.67877 32.67594 32.67223 32.73173 33.09381 33.86823 34.08968 33.84652 33.693 34.00407 34.66135 35.25752 35.65962 35.66942 35.64598 35.487 35.53781 35.47373 35.35297 35.4515 35.29845 35.23917 35.27354 35.4131 35.34149 35.49901 35.42817 35.3858 35.42332 35.45456 35.44687 35.52244 35.55214 35.64947 35.74086 35.74393 35.81065 35.8672
-9999 -9999 -9999 33.24556 33.26599 33.28596 33.3053 33.32379 33.34113 33.35642 33.36839 33.37513 33.37344 33.36033 33.33619 33.30374 33.26331 33.21587 33.16177 33.11503 32.93056 32.85368 32.84941 32.7318 32.65745 32.82716 32.95165 33.41315 33.79685 34.0696 34.27858 34.69083 35.08857 35.47972 35.35447 35.79037 35.78244 35.77006 35.82527 36.04221 36.15689 35.89367 35.91016 36.02525 36.04119 35.90875 35.80507 35.81031 35.74855 35.61653 35.53144 35.52534 35.45051 35.6081 35.73678 35.72692 35.73096 35.79376 35.8604 35.93132 35.92132 35.90463 35.85358
-9999 -9999 -9999 33.284 33.30736 33.33065 33.35381 33.37664 33.39887 33.41951 33.43706 33.44902 33.45095 33.43961 33.41709 33.3871 33.35151 33.31469 33.28186 33.05238 32.90333 33.01232 33.41921 34.1469 34.18238 34.25557 34.52097 34.782 34.90546 35.76036 35.96095 35.93987 36.04332 36.02493 35.81754 35.55215 35.72127 35.88202 35.52241 35.58454 35.95291 36.0829 36.12695 35.98315 36.05697 36.276 36.38988 36.15576 36.10403 36.10423 35.94917 35.9011 35.94156 35.83598 35.86604 35.98973 36.02963 35.99513 35.88526 35.95442 35.97911 35.87778 35.7272
-9999 -9999 -9999 33.32724 33.3545 33.38231 33.41064 33.43945 33.46859 33.497 33.52291 33.54282 33.55065 33.54402 33.52884 33.51044 33.49966 33.46526 33.14354 32.87024 33.86845 34.51626 34.63155 34.73554 35.7224 35.81482 35.30697 35.04254 35.02943 35.03101 35.96785 35.89835 36.0445 36.15223 35.80398 35.59049 35.68681 35.90534 35.96349 35.84162 35.89688 35.91249 36.14315 36.19604 36.23966 36.31061 36.39539 36.43244 36.45282 36.29462 36.33901 36.05032 35.99934 36.10601 35.98457 36.17551 36.11249 36.24167 35.93969 36.04726 35.93131 35.90316 35.72273
-9999 -9999 -9999 33.37645 33.40884 33.44263 33.47803 33.5152 33.55434 33.59437 33.63321 33.66558 33.68367 33.69019 33.69832 33.70924 33.67976 33.15209 33.68599 33.72659 33.02673 33.1613 35.51255 35.27028 34.78365 35.84969 35.54361 35.1011 35.04201 34.96117 35.94363 35.88591 36.03788 36.20521 35.8716 35.72999 35.49452 35.83811 36.01641 36.04053 35.99007 36.26619 36.30604 36.44706 36.33871 36.32171 36.32259 36.4827 36.46018 36.44838 36.24236 36.32028 35.99035 36.11379 36.06729 36.16675 36.03883 36.22086 35.69203 36.10432 35.7689 35.80262 35.48935
-9999 -9999 -9999 33.43281 33.47198 33.51389 33.55909 33.60831 33.6624 33.72053 33.7803 33.83325 33.87325 33.91112 33.93887 33.95285 34.54218 35.10189 35.53512 35.41404 34.94408 33.95852 33.60113 35.24745 35.38688 34.88412 35.43203 35.19674 35.12046 35.01554 35.30913 35.95942 36.06423 36.01 35.95718 35.77107 35.87399 35.55119 36.14768 36.12841 36.08075 36.14662 36.35568 36.41743 36.41885 36.35026 36.22684 36.11452 36.30748 36.4544 36.34136 36.30772 36.31332 36.11077 36.42924 36.42797 36.23335 36.13263 35.55064 36.14693 35.70853 35.77954 35.15022
-9999 -9999 -9999 33.49767 33.54591 33.59901 33.65823 33.72547 33.80286 33.89081 33.98634 34.0699 34.12901 34.18431 34.2407 35.15361 35.69653 35.971 35.9334 35.68428 35.17502 34.92699 34.14748 32.7849 34.7861 35.276 35.12832 35.25121 35.05347 34.74625 35.34766 35.37215 35.82211 36.20228 36.03844 35.8091 35.80743 35.72223 35.90055 36.21669 36.37653 36.32635 36.27639 36.22124 36.18275 36.00494 35.97999 36.11875 35.64545 35.07941 36.01921 36.25626 36.4216 36.26675 36.41161 36.29187 36.35188 35.96022 35.51481 36.28045 35.78132 35.72159 34.91219
-9999 -9999 -9999 33.57281 33.63326 33.70198 33.78175 33.87711 33.99272 34.12391 34.24841 34.33366 34.40411 34.87391 35.71985 35.60417 35.84427 35.76486 35.85981 35.68432 35.37335 35.03391 34.76337 33.89325 33.12773 34.07463 35.29429 35.40428 35.30165 34.93797 35.31444 35.62922 35.34634 35.65974 36.02005 36.0731 35.9057 35.87185 35.53822 36.02958 36.10105 36.22975 36.16497 36.18078 36.36976 36.35066 36.27055 35.89454 35.73338 35.1143 35.00419 35.47681 36.2141 35.94929 35.89457 35.50062 35.64017 35.73008 35.90811 35.81002 34.98393 34.67359 33.80787
-9999 -9999 -9999 33.65987 33.73724 33.82857 33.93679 34.0656 34.21725 34.38365 34.50596 34.76999 35.42762 35.63253 35.95391 35.79076 35.81134 35.73581 35.71828 35.88665 35.60262 35.41633 35.14451 34.86845 34.59561 33.53942 33.72904 34.80581 35.36801 34.96642 35.15396 35.37347 35.4976 35.53678 35.55728 35.92063 35.98526 35.91138 35.72883 35.54311 35.05945 34.84658 34.95035 34.89249 34.74138 34.0122 33.51862 33.54901 33.68249 34.1829 34.30555 34.86085 35.17051 34.90487 34.66 33.88451 33.63692 34.44421 34.80471 34.20931 33.37196 33.36805 33.36043
-9999 -9999 -9999 33.75749 33.85083 33.95976 34.09099 34.25439 34.45341 34.63596 35.19542 35.56718 35.91048 35.76776 35.60406 35.70083 35.77187 35.78091 35.85566 36.00218 35.99776 35.84736 35.41966 35.2521 35.01609 34.5956 33.82565 33.57955 35.42084 35.32837 35.3256 35.38059 35.65143 35.92566 35.53751 35.49612 35.25182 34.8907 34.7145 34.37668 34.28352 34.10583 33.75595 33.38907 33.37687 33.37656 33.37445 33.3721 33.38182 33.38287 33.66486 34.24372 34.23791 33.81564 33.43787 33.36967 33.83929 34.33021 34.0479 33.35007 33.35196 33.35476 33.35445
-9999 -9999 -9999 33.83275 33.93447 34.0548 34.20525 34.40917 34.71919 35.36312 35.63318 35.82815 35.81012 35.79685 35.92535 35.80975 35.84805 35.81948 35.98242 35.96563 36.03148 36.02487 35.74342 35.44645 35.25974 35.2369 34.71651 34.83501 33.49533 35.20672 35.40807 35.25673 35.20047 35.55753 35.33177 34.64798 34.34602 34.19421 34.01018 33.79713 33.58911 33.32707 33.37539 33.38363 33.37946 33.38028 33.38489 33.35983 33.3693 33.38128 33.38456 33.38133 33.38234 33.36507 33.38093 33.69825 34.12079 33.99326 33.34703 33.35656 33.3525 33.34074 33.34577
-9999 -9999 -9999 33.84042 33.92809 34.03998 34.24041 34.70233 35.78098 35.75955 35.79441 35.66798 35.81791 35.87315 36.00936 36.01328 36.00826 36.03896 35.93392 35.86745 36.03917 35.9647 35.64174 35.58954 35.40172 35.36917 35.16637 35.05959 34.72284 34.02593 34.69618 34.8652 34.61406 34.34468 33.98882 33.82336 33.70863 33.6606 33.51267 33.34471 33.37835 33.38003 33.41278 33.37546 33.37555 33.37944 33.37075 33.35952 33.36944 33.36431 33.3483 33.37814 33.38408 33.37851 33.49879 33.75919 34.02631 33.3509 33.35978 33.3777 33.35088 33.3514 33.36272
-9999 -9999 -9999 33.73034 33.8128 33.9524 34.52118 35.69712 35.94527 35.91809 35.83538 35.75628 35.67385 35.81676 36.04801 36.06607 36.11376 36.10774 36.03966 35.91108 35.97179 35.97981 35.75803 35.74631 35.54139 35.29197 35.33281 35.10418 34.81599 34.73104 33.92698 33.58871 33.57092 33.5889 33.56801 33.44472 33.35789 33.37442 33.38552 33.3892 33.37025 33.38261 33.35284 33.35186 33.3631 33.34989 33.3705 33.3646 33.36308 33.36217 33.36048 33.37179 33.38064 33.38859 33.37303 33.73594 33.41303 33.36301 33.36803 33.3409 33.35437 33.36365 33.35981
-9999 -9999 -9999 33.53244 33.5537 33.7551 35.52577 35.90263 35.89888 36.01552 36.021 36.072 35.84112 35.90989 35.8414 35.96782 36.38874 36.1043 35.98781 36.07891 35.86736 35.88636 35.53907 35.42194 35.24001 35.4273 35.35294 35.2708 35.03201 34.96475 34.24043 33.34594 33.39665 33.37586 33.37145 33.37849 33.37961 33.37868 33.37565 33.36284 33.34713 33.37044 33.36014 33.36015 33.36588 33.37832 33.34933 33.3466 33.35413 33.36602 33.35846 33.35957 33.35995 33.36243 33.35281 33.65878 33.35696 33.35993 33.3504 33.35744 33.36359 33.35612 33.35012
-9999 -9999 -9999 33.08273 33.20723 35.01921 35.98914 35.94523 36.11375 36.14441 36.23854 36.26109 36.09097 36.34179 35.86518 35.81237 35.87746 35.98953 35.74065 35.02631 35.00177 35.18481 35.33775 35.38402 35.20277 35.27779 35.21438 35.00214 34.85922 33.67311 33.37654 33.38189 33.37822 33.38045 33.38793 33.36015 33.37247 33.35831 33.36555 33.33814 33.35481 33.36418 33.35945 33.37883 33.36948 33.35199 33.35403 33.36598 33.89234 33.38062 33.3844 33.38263 33.37209 33.36068 33.37969 33.34904 33.35533 33.35353 33.35147 33.36637 33.35669 33.35827 33.35096
-9999 -9999 -9999 33.12869 34.75183 35.86325 35.9847 36.09494 36.10018 36.12225 36.20719 36.31858 36.30457 36.29464 36.31589 36.18808 36.00981 35.80748 35.41225 34.88135 35.40102 34.99144 34.77045 33.85646 33.57056 34.15913 33.81116 33.75807 33.42633 33.38523 33.38618 33.38084 33.3899 33.38104 33.356 33.37098 33.35792 33.36369 33.35952 33.35358 33.36629 33.35752 33.36526 33.35267 33.35712 33.38289 33.3844 33.49915 35.17713 35.10225 35.94682 34.96226 33.49941 33.6281 33.38469 33.36077 33.34282 33.3569 33.35305 33.34472 33.35587 33.34885 33.356
-9999 -9999 -9999 34.93377 35.95398 36.11521 35.98554 36.05286 36.25415 36.2093 36.1105 36.10984 35.99984 35.97998 35.77026 35.36794 35.08282 34.78009 34.97581 34.82773 34.04502 33.63229 33.79209 33.69407 33.84314 34.03808 33.88567 34.55153 33.78264 33.38876 33.39269 33.34074 33.36701 33.35429 33.34994 33.34787 33.36734 33.31779 33.31632 33.37244 33.35258 33.35525 33.35501 33.36301 33.37486 33.38312 33.38118 34.95467 36.84765 37.1367 36.89571 36.55581 34.94973 34.04622 33.55442 33.3806 33.36826 33.36002 33.36063 33.36269 33.35769 33.36091 33.68222
-9999 -9999 -9999 35.87837 36.25291 36.18879 36.14061 35.94431 36.22622 36.22654 36.06207 35.91515 35.48618 35.50503 35.21708 35.20542 35.10855 34.72979 33.69398 33.91787 33.93425 33.8246 33.87484 34.45493 34.44168 34.89485 34.95417 35.41384 35.29766 36.00921 35.86938 35.56259 34.25229 33.6376 33.72546 34.15828 34.71188 35.04549 35.08509 35.11555 34.9458 34.84163 34.95844 34.5997 34.755 34.48216 34.90751 36.32025 38.30154 38.91293 37.76453 37.8092 35.62516 34.16997 33.52792 33.40667 33.41828 33.41375 33.35433 33.35777 33.34238 33.60485 33.99532
-9999 -9999 -9999 36.46984 36.45194 36.49301 36.36644 35.96965 36.14276 35.95825 35.97815 35.88133 35.54483 35.47396 35.05886 34.81965 33.8173 33.98877 34.28159 34.06269 34.16597 34.63136 34.89624 35.43446 35.61173 35.89823 36.02515 36.20815 36.31384 36.18418 36.14458 35.36731 34.42742 34.76463 35.5448 36.012 36.43374 36.48795 36.44246 36.52791 36.4266 36.44855 36.55179 36.43023 37.35025 38.85901 39.3356 40.41659 42.06784 42.63978 41.4841 39.55844 36.91051 34.0282 33.71362 33.44997 33.75668 33.75216 33.53555 33.36687 33.35127 33.3931 34.02478
-9999 -9999 -9999 36.3979 36.42262 36.13883 35.9887 35.84823 35.32661 35.58715 35.9506 35.89022 35.41705 35.07724 33.95005 33.61541 34.4701 34.4121 34.25958 34.75739 34.87471 35.19931 35.41948 35.69678 35.75683 35.813 35.86182 35.95844 36.06902 35.92679 35.598 35.665 36.26983 36.32824 36.20244 36.14682 36.22943 36.28254 36.59679 36.46019 36.57269 36.60796 36.76938 37.47894 39.21897 41.14224 42.82311 43.86905 44.68107 45.43907 45.29843 43.41431 38.7577 36.1879 36.22101 35.2523 34.65918 34.03114 33.65582 33.42442 33.45124 34.3525 34.73676
