data/terrain1_ascii/hc_cp_ascii_5m.asc
ncols         607
nrows         569
xllcorner     612166.73
yllcorner     5467513.83
cellsize      5
NODATA_value  -9999
[rows 140 to 167 of 569, columns 0 to 62 of 607]
-9999 -9999 -9999 -9999 37.82006 37.84167 37.90766 37.9334 37.94228 38.03788 38.13161 37.97197 37.94219 37.93818 38.02071 38.14885 38.20792 38.09907 37.98042 38.23191 38.12148 38.30889 39.09097 39.36268 39.43456 39.32748 39.73952 40.52438 41.05533 41.47514 43.53001 44.2764 44.53722 44.8428 45.54931 47.57545 49.26614 50.16946 50.14848 50.18934 49.84874 49.03725 49.33972 48.74825 48.45218 48.30326 47.46051 46.51225 46.47638 45.64928 45.75118 45.92146 46.18557 45.65309 44.19375 44.63319 44.74405 44.80232 44.85884 44.78742 44.24825 44.84611 44.86128
-9999 -9999 -9999 -9999 37.85878 38.26466 37.98427 37.9175 37.90641 37.90986 38.12729 37.97343 37.89564 37.94885 37.90644 38.79688 38.22952 38.02934 37.92885 38.3044 38.79395 38.96761 39.409 39.54087 39.52186 39.52157 39.61027 40.23742 40.61443 41.87973 44.59639 45.35061 47.27066 46.11263 45.55115 46.25909 48.05266 48.50108 49.28271 48.89302 48.87291 48.66977 48.35458 48.1452 47.36996 46.77873 46.8456 47.00126 46.15511 45.98958 46.03422 46.15921 45.84375 45.66961 44.67185 44.75524 44.78013 44.84261 44.90289 44.29703 44.69791 44.84195 44.80288
-9999 -9999 -9999 -9999 37.82926 37.9493 38.03659 37.88763 37.83839 37.85419 37.84549 37.77594 37.88194 37.90508 37.84826 37.93887 38.08231 38.0357 38.00248 38.32706 39.35584 39.52603 39.47105 39.66536 39.76715 39.65764 39.53183 39.57037 41.08208 42.93513 45.11889 47.73364 48.89317 47.20434 46.33108 46.06541 47.05961 47.84572 47.9185 47.96643 47.86308 47.3506 47.90993 47.56924 47.27094 46.28017 45.92828 46.11482 46.22783 45.96497 46.14993 45.8219 45.2332 44.74056 44.76493 44.79259 44.82947 44.90624 44.34134 44.57354 44.85305 44.78191 44.68968
-9999 -9999 -9999 -9999 37.75592 37.74249 37.78856 37.79328 37.75025 37.66719 37.71311 37.88334 37.67672 37.7528 37.84438 38.08996 38.17735 38.42037 38.85637 39.27291 39.59433 39.62177 39.58744 39.66671 39.6984 39.62672 39.58039 39.57161 41.37157 43.55683 46.23189 49.94287 50.3414 48.48019 46.56133 46.46628 46.40032 48.10774 47.3488 47.06634 46.65969 47.44204 47.43241 47.06552 46.6927 46.54966 46.03134 45.61905 45.75891 46.07962 45.92618 44.96996 44.48606 44.71615 44.78075 44.83927 44.92159 44.4334 44.52588 44.87119 44.75032 44.68314 44.62944
-9999 -9999 -9999 -9999 37.63381 37.56257 37.52722 37.59118 37.57117 37.52163 37.56127 37.55326 37.67009 37.73689 38.27844 38.80486 38.67534 38.87537 39.27803 39.38478 39.48682 39.61469 39.46093 39.58025 39.42646 39.31961 39.88173 40.58891 41.79108 43.61821 46.75233 49.73685 50.55633 48.79544 47.17736 46.48361 46.45916 47.17376 46.66949 46.60542 46.44332 46.14278 46.15796 46.29661 46.1562 45.97429 45.53688 45.4845 46.01451 45.98531 45.17335 44.50187 44.67245 44.76831 44.81351 44.90396 44.47333 44.5183 44.89938 44.77799 44.68379 44.61777 43.79249
-9999 -9999 -9999 -9999 37.36558 37.27346 37.28767 37.31684 37.48934 37.44635 37.579 37.9446 37.95687 37.91816 39.42243 39.22163 39.01081 39.10117 39.1845 39.35751 39.28475 39.34496 39.23824 39.428 39.2283 39.11004 40.50396 41.71587 42.93219 44.08002 46.21861 47.48603 46.91091 47.47697 46.60462 46.49581 46.55542 46.67621 46.56936 46.40159 46.20699 45.89289 45.58238 45.71107 45.36616 45.38089 45.37561 45.92012 46.04536 45.60096 44.88139 44.61996 44.73995 44.82834 44.89277 44.51273 44.46045 44.92444 44.82341 44.72583 44.57837 43.92743 43.61674
-9999 -9999 -9999 -9999 37.21452 37.19866 37.28002 37.35556 37.49024 37.92268 37.88948 38.6311 38.83838 39.35746 39.57933 39.51324 39.17966 39.15387 39.17554 39.17694 39.12945 39.17072 39.1894 39.07526 39.15695 40.17871 40.90107 42.62042 44.92416 45.97114 45.50122 45.29003 45.54999 45.93225 46.22849 46.40552 46.54488 46.56498 46.41727 46.23883 45.99669 45.82887 45.71591 45.32388 45.15488 45.53021 45.84865 46.00012 45.34718 44.48153 44.61639 44.68227 44.794 44.88267 44.60801 44.43179 44.91096 44.8093 44.71973 44.54739 43.98651 43.9381 43.33
-9999 -9999 -9999 -9999 37.14116 37.28084 37.38634 37.84048 38.15723 38.23545 39.09472 39.23822 39.40998 39.60895 39.4384 39.28526 39.20235 39.12753 39.12104 39.12563 39.11425 39.16059 39.03981 39.56442 40.61808 41.2508 41.10491 42.35575 44.49596 44.54322 44.37299 44.89117 45.33485 45.98036 46.90363 47.70017 47.77437 47.46292 46.91114 46.55337 46.28157 46.12824 45.9166 46.04201 46.36209 45.88529 46.06821 45.65634 44.51369 44.50977 44.67542 44.77591 44.89176 44.65389 44.37346 44.87034 44.81169 44.73171 44.65656 44.08949 43.9257 43.51598 44.11462
-9999 -9999 -9999 -9999 37.90458 38.43375 37.3101 38.51878 38.73467 39.44182 39.3054 39.33371 39.50689 39.46415 39.25273 39.15718 39.08001 39.05464 39.01202 38.97794 39.02591 39.03876 38.98981 40.65163 41.21303 40.94411 41.17704 41.87049 42.78023 43.4939 44.08004 45.639 46.74828 48.03208 48.85191 48.65779 48.48532 47.6169 46.66994 46.74723 45.62156 45.71659 46.37807 46.8405 45.93997 46.00143 45.69721 44.68693 44.51344 44.67356 44.73607 44.84571 44.78012 44.38646 44.81816 44.79745 44.75729 44.68253 44.22896 44.07629 43.97243 43.98714 44.15606
-9999 -9999 -9999 -9999 38.69572 38.86907 38.81064 38.82476 39.04042 39.3242 39.36259 39.35394 39.33458 39.21791 38.96881 38.87429 38.84867 38.9171 38.86345 38.85063 38.79944 38.93991 39.25201 41.70591 40.52695 40.6158 41.16201 41.88025 42.527 43.92291 46.03301 47.05275 48.09104 48.89501 49.04767 49.3815 48.95361 48.18771 46.62641 45.67979 45.00327 45.2043 46.05393 46.00463 45.98452 45.67384 44.34859 44.40444 44.67445 44.73518 44.80934 44.82318 44.35807 44.78444 44.82843 44.7527 44.68716 44.37994 44.00068 44.12689 44.30691 44.51513 44.28121
-9999 -9999 -9999 -9999 39.08137 38.9455 38.98828 39.02831 39.06164 39.23889 39.25402 39.28189 39.11187 39.18163 38.77625 38.78307 38.66851 38.66725 38.75571 38.72355 38.81215 38.89275 40.45051 41.07268 39.76077 40.3663 40.93929 41.64134 43.86107 46.83025 48.16836 49.00891 50.57114 51.05918 51.3795 50.88811 50.62223 50.03293 47.84328 46.02739 45.36993 45.37668 45.81052 45.96943 45.58359 44.4639 44.1302 44.66274 44.71892 44.79741 44.86882 44.374 44.64288 44.8283 44.77195 44.65966 44.48518 44.08798 44.26934 44.48275 44.61576 44.49972 44.54987
-9999 -9999 -9999 -9999 39.06585 39.08527 39.10897 39.06 39.13898 39.12707 39.01597 38.91201 38.83453 38.71799 38.61403 38.6838 38.45667 38.45022 38.63441 38.64243 38.63718 38.74815 39.09876 39.35041 39.69914 40.12115 40.77225 42.82016 47.82769 49.50846 49.8586 51.19893 53.96646 55.5131 55.23745 54.06947 52.75761 51.93668 48.65305 46.11138 45.10788 44.90685 45.92393 45.64447 44.46091 44.21552 44.63946 44.70159 44.77016 44.86077 44.33136 44.53 44.80685 44.747 44.6645 44.50364 44.02122 44.96814 44.68552 44.66851 44.97657 44.47647 44.01722
-9999 -9999 -9999 -9999 39.06219 39.12272 39.0799 39.07159 39.12357 39.09473 38.97936 38.8785 38.89442 38.62763 38.54062 38.39207 38.32646 38.23027 38.28737 38.57635 38.62806 38.77812 39.01861 39.23877 39.32992 39.99316 42.45968 46.55194 49.78302 51.10757 52.19213 53.62594 55.91142 57.94208 57.2726 56.65057 54.79879 50.52796 47.63423 45.14203 44.77135 45.00821 45.0863 44.56918 43.93338 44.63182 44.67609 44.76102 44.85048 44.37312 44.43444 44.81823 44.73336 44.64428 44.55665 43.98359 44.28867 44.66672 44.45676 44.22417 44.5223 44.80927 44.9903
-9999 -9999 -9999 -9999 38.8887 38.98492 38.95148 38.95182 38.91833 38.9199 38.8805 38.75928 38.62719 38.40754 38.32419 38.26937 38.17901 38.10355 38.29448 38.54454 38.67532 38.76621 38.85053 38.97215 39.43584 41.59128 44.57778 47.89487 50.91793 52.74346 54.58296 56.07051 58.26812 59.81387 59.41006 56.94822 52.81815 48.65982 45.68755 44.81742 45.3727 44.92113 44.59214 43.9282 44.60223 44.65797 44.75069 44.83725 44.4578 44.35735 44.82117 44.7487 44.65916 44.58972 44.00996 43.79371 43.91257 44.1337 44.50038 45.67268 46.16789 46.6389 46.73911
-9999 -9999 -9999 -9999 38.80843 38.85659 38.6987 38.65622 38.66473 38.74675 38.74347 38.37758 38.35466 38.22934 38.17095 38.08188 38.17004 38.22105 38.46378 38.55988 38.59253 38.58666 38.61405 39.82691 41.35555 43.88548 46.30153 48.80159 52.34607 55.53958 56.63473 57.89812 60.71921 60.89978 58.65966 55.76682 50.03199 45.5602 44.87251 45.69906 45.75678 44.79663 44.06738 44.55118 44.62615 44.71735 44.7977 44.52655 44.31081 44.82181 44.73842 44.66076 44.59115 44.04355 43.87235 43.72977 44.05688 45.93451 47.5877 47.79937 47.87461 48.69941 48.7165
-9999 -9999 -9999 -9999 38.80605 38.60448 38.53339 38.51781 38.48463 38.51884 38.35169 38.19023 38.12479 38.03331 38.12812 38.23068 38.33371 38.37964 38.43808 38.45872 38.40863 38.73254 39.54743 40.90878 42.65977 44.79472 46.43423 49.41661 54.11574 56.5648 57.75287 59.1322 61.48325 59.74318 55.95652 53.80501 45.20425 44.70734 45.68134 45.80773 45.29902 44.33354 44.47849 44.56758 44.69032 44.80007 44.55874 44.30039 44.80787 44.73824 44.65881 44.56708 44.09212 43.70243 44.31944 44.86681 45.76967 48.42603 49.32491 48.98722 50.01141 50.76249 50.89028
-9999 -9999 -9999 -9999 38.74232 38.55527 38.44842 38.53364 38.48717 38.34357 38.28255 38.16315 38.07605 38.14695 38.2206 38.27577 38.31662 38.2832 38.36119 38.41435 38.50141 39.49805 40.64167 41.61797 43.89503 45.76321 47.1073 49.73982 56.00866 58.32127 59.41182 59.881 58.11021 55.3115 52.52869 47.39293 44.77208 45.77575 45.80315 45.29364 44.80587 44.44382 44.59083 44.68265 44.74175 44.60246 44.24541 44.7351 44.73951 44.6435 44.53405 44.07104 43.52805 44.40525 46.14462 47.10783 47.82338 49.72094 50.68361 51.14176 52.23888 52.4535 52.85015
-9999 -9999 -9999 -9999 38.62407 38.4791 38.46124 38.41361 38.36961 38.35474 38.17591 38.24009 38.16832 38.20845 38.25321 38.22054 38.18 38.20378 38.37519 38.5625 38.85588 40.97868 42.27899 44.50148 45.69112 47.25362 48.80225 50.2508 57.81034 60.12912 60.60413 58.45963 55.81095 51.86986 46.93551 44.48302 45.39457 45.82556 45.25353 44.84071 44.4003 44.5833 44.66613 44.74237 44.6485 44.16466 44.7009 44.75985 44.65057 44.55395 43.77309 43.26363 43.43895 45.94521 48.64814 49.50298 51.05025 52.68547 54.08664 54.89425 54.4056 54.91721 55.45435
-9999 -9999 -9999 -9999 38.47147 38.54744 38.35045 38.19475 38.06715 38.17317 38.11973 38.22853 38.2132 38.16946 38.00507 37.97951 38.13756 38.18275 38.89832 38.48001 40.41012 43.20519 46.74996 48.2233 48.20427 49.01557 49.46369 52.48438 57.83237 59.97322 59.68141 56.78258 53.7054 46.12483 44.64802 45.31424 45.78347 45.21763 44.407 44.2192 44.55812 44.67002 44.73964 44.69406 44.17258 44.62708 44.74635 44.64644 44.57713 44.30414 43.38087 43.66009 45.5109 48.28967 50.95531 52.55248 54.31852 56.13065 57.56824 58.65998 58.36986 59.35204 60.62713
-9999 -9999 -9999 -9999 38.27533 38.39466 38.25916 38.06741 37.94185 38.22034 38.20801 38.16518 37.94097 37.82602 37.87099 37.91118 38.22689 38.35282 39.82285 40.92951 43.16773 45.53168 48.31154 49.47802 49.38604 49.37866 50.90902 55.78864 58.05698 58.1564 57.24212 53.9451 48.26731 44.68476 45.27901 45.72377 45.47692 45.07275 43.9128 44.55423 44.62648 44.68827 44.74329 44.12457 44.54478 44.77066 44.66787 44.58055 44.43765 44.11123 44.44302 46.72909 49.15964 51.29464 53.43501 55.66533 57.50761 59.12327 60.76448 62.37566 64.50633 64.59171 64.65444
-9999 -9999 -9999 -9999 38.15306 38.17682 38.17706 38.18602 38.22717 38.20555 37.93835 37.68758 37.80369 37.82878 37.87411 38.03584 38.39807 38.50516 40.20177 41.91679 43.47745 46.67965 48.14754 49.21057 49.29787 50.3612 56.4161 59.37086 59.47905 56.2837 55.12103 48.90532 44.71432 45.27505 45.70712 45.43901 44.56005 43.6592 44.54407 44.63077 44.70238 44.75312 44.08158 44.39361 44.7686 44.69484 44.59011 44.50209 43.75889 44.93601 48.07183 50.69121 52.778 54.16944 56.04277 58.48269 60.89998 63.50935 65.42979 67.20216 68.57503 68.51888 68.12383
-9999 -9999 -9999 -9999 38.05706 38.2048 38.27496 38.19331 38.14215 37.88754 37.69769 37.7272 37.81462 37.85785 37.97755 38.06822 38.44298 38.52613 40.06528 41.78498 43.7825 47.11438 47.88868 48.80643 49.33765 53.55539 58.03509 59.36983 57.15565 52.56925 47.83616 44.78432 45.17798 45.67456 45.3109 44.21361 43.3692 44.51415 44.58744 44.68776 44.77856 44.15712 44.29317 44.74535 44.66841 44.58988 44.34992 43.75106 45.14457 49.00853 52.36804 54.78517 55.88663 56.88549 58.71013 61.46266 64.27608 68.53146 69.98452 71.70658 72.81467 71.95908 71.27705
-9999 -9999 -9999 -9999 38.26214 38.21872 38.10268 37.94697 37.90244 37.76845 37.74623 37.7862 37.85111 37.94318 38.04063 38.16133 38.51198 38.6963 40.12665 41.886 43.32576 46.1189 47.81819 49.13407 51.15921 55.84776 56.75208 55.76158 51.84879 46.57218 44.6945 45.25452 45.43849 45.10651 44.3096 43.27467 44.51504 44.56306 44.64591 44.74048 44.30277 44.25404 44.77776 44.7083 44.61866 44.59072 43.52 45.69305 49.83147 53.90594 56.37606 58.22021 59.22763 60.05943 61.10479 63.5566 66.52551 70.54573 72.95878 74.15131 74.75283 74.4892 73.90229
-9999 -9999 -9999 -9999 38.06134 37.99931 37.92424 37.92577 37.86385 37.78828 37.76183 37.82565 37.94113 38.0213 38.11992 38.22425 38.50392 38.73453 40.12443 41.97317 43.32065 46.02712 47.52904 49.6008 53.98325 59.39246 60.63597 54.58159 45.12307 44.49479 45.24971 45.65555 45.01391 44.29228 43.28223 44.50186 44.57017 44.65803 44.70694 44.41889 44.23377 44.76683 44.69141 44.60636 44.53063 43.87815 45.98606 49.75448 53.78463 57.52026 59.55593 61.53521 62.57377 63.58425 65.15054 66.47894 69.03048 72.13195 74.51945 75.49325 76.07642 76.24017 76.07199
-9999 -9999 -9999 -9999 37.62991 37.82295 37.93882 38.01644 37.86419 37.80772 37.78429 37.92351 38.02457 38.09931 38.13985 38.25367 38.61912 38.7297 40.06296 41.71912 43.84458 46.59774 47.70176 51.19006 55.23536 55.09024 52.94664 46.82258 44.59539 45.19072 45.6534 44.87228 44.24789 43.37397 44.45591 44.53287 44.63698 44.69757 44.52377 44.30883 44.76665 44.69708 44.57473 44.49358 44.10234 46.20803 49.62024 53.40001 57.21712 59.6577 62.47785 64.38432 65.79515 67.10751 68.2646 69.45813 72.33695 75.34881 76.74021 77.42589 77.85462 78.01146 77.90388
-9999 -9999 -9999 -9999 37.67977 37.85377 37.9255 38.04726 38.07257 37.91288 37.91881 37.98864 38.10224 38.12358 38.15698 38.29782 38.50526 38.74402 40.12368 41.88346 43.93969 46.06319 48.76282 51.87006 52.50721 48.82082 45.37791 44.78132 45.40017 45.67471 44.9225 45.35278 43.4827 44.37378 44.52387 44.61104 44.68203 44.62446 44.33503 44.75411 44.70242 44.63017 44.53875 44.03489 46.09623 49.24554 52.79388 56.79258 60.46708 62.9718 65.37711 67.0377 68.66182 70.43662 71.92431 73.77118 75.69456 78.47054 79.23661 79.68224 80.05765 80.25139 80.46259
-9999 -9999 -9999 -9999 38.06274 37.96211 38.04121 38.1094 38.09726 38.15723 38.12339 38.10981 38.14603 38.19248 38.28018 38.43448 38.49265 38.70223 39.47224 41.88111 44.30619 46.03706 49.49264 49.55231 47.45548 44.87003 44.59976 45.34993 45.41247 44.74819 45.10267 44.04037 44.20057 44.50482 44.58918 44.67554 44.68498 44.37267 44.7629 44.70044 44.61473 44.52787 43.99343 45.72532 48.66674 51.66194 54.89991 58.64011 62.52603 65.69195 67.72513 69.49371 71.43326 73.3824 75.59781 77.87797 79.92785 81.1193 81.64006 82.13859 82.59924 83.00787 82.73385
-9999 -9999 -9999 -9999 38.43081 38.17802 38.06402 38.1237 38.20204 38.23083 38.19287 38.20784 38.26371 38.31671 38.35983 38.41222 38.53487 38.7098 39.45179 41.05124 43.51442 45.27988 46.83598 46.24469 44.6089 44.64501 45.43675 45.42065 44.97387 44.83811 43.55005 44.17954 44.48128 44.55833 44.65988 44.71584 44.37432 44.72054 44.70582 44.62107 44.54135 44.22568 45.28252 48.63829 51.81241 53.90034 56.99249 59.91607 63.41336 66.83481 69.41887 71.85148 73.76392 76.28672 78.74226 80.89561 83.02047 83.54739 84.01595 84.56555 85.08997 85.3719 85.73742
