data/terrain1_ascii/hc_cp_ascii_5m.asc
ncols         607
nrows         569
xllcorner     612166.73
yllcorner     5467513.83
cellsize      5
NODATA_value  -9999
[rows 420 to 447 of 569, columns 252 to 314 of 607]
1170.567 1172.007 1175.362 1175.39 1175.737 1174.588 1173.459 1173.099 1172.697 1172.463 1171.946 1171.73 1171.74 1173.858 1177.323 1175.187 1175.256 1173.264 1171.284 1171.653 1173.005 1173.992 1175.218 1176.108 1177.446 1177.904 1179.458 1181.489 1183.584 1185.524 1187.944 1191.624 1198.577 1203.403 1207.171 1212.061 1217.165 1221.155 1223.28 1224.179 1225.104 1225.087 1225.295 1225.95 1225.672 1227.735 1231.816 1231.387 1232.232 1232.887 1232.113 1231.276 1230.339 1228.416 1226.669 1225.084 1222.741 1220.598 1218.29 1215.836 1213.833 1211.724 1209.913
1174.233 1175.854 1176.719 1177.232 1177.095 1176.603 1176.476 1176.487 1175.812 1175.734 1175.379 1175.725 1177.771 1180.238 1181.839 1180.869 1179.004 1176.559 1175.281 1175.016 1175.846 1176.407 1177.526 1179 1180.424 1181.351 1183.715 1185.558 1187.463 1189.641 1191.712 1196.627 1203.278 1207.864 1211.214 1216.816 1220.925 1224.602 1226.619 1228.032 1229.156 1229.28 1230.034 1230.312 1230.464 1233.528 1237.983 1237.074 1236.897 1236.371 1236.197 1235.121 1233.841 1232.246 1230.716 1228.559 1227.117 1225.078 1222.574 1219.734 1217.552 1215.651 1213.555
1178.337 1178.828 1179.428 1180.14 1180.056 1180.036 1180.223 1180.274 1179.62 1179.836 1179.036 1179.933 1182.21 1185.295 1184.896 1184.4 1182.976 1180.175 1178.58 1177.884 1177.812 1178.59 1180.027 1181.747 1183.44 1185.134 1187.197 1189.242 1191.35 1193.286 1195.792 1201.102 1207.697 1212.317 1215.941 1220.943 1224.449 1228.597 1230.974 1232.036 1232.013 1233.351 1234.265 1235.572 1238.136 1241.611 1242.104 1241.558 1241.051 1240.614 1240.03 1238.907 1237.781 1236.451 1234.542 1232.721 1230.684 1229.219 1226.781 1223.406 1220.971 1218.911 1217.195
1182.702 1182.991 1183.82 1184.524 1184.355 1184.217 1184.746 1184.552 1184.323 1183.306 1183.318 1184.307 1185.947 1187.772 1187.584 1186.526 1185.246 1183.515 1182.085 1181.507 1181.589 1181.65 1182.994 1184.538 1186.311 1188.031 1190.07 1192.543 1194.827 1197.488 1199.972 1203.817 1213.018 1216.94 1220.994 1225.183 1228.289 1232.221 1234.394 1234.899 1235.513 1236.92 1238.64 1242.436 1244.953 1246.1 1246.343 1246.968 1247.177 1246.361 1244.31 1243.125 1241.62 1240.599 1239.536 1237.951 1235.416 1233.092 1230.286 1227.798 1225.142 1222.015 1220.58
1187.032 1186.962 1187.983 1188.773 1187.879 1188.648 1190.098 1189.517 1187.986 1186.419 1187.807 1189.745 1190.323 1190.293 1189.121 1188.42 1188.02 1187.25 1186.547 1185.384 1185.411 1185.467 1186.455 1187.629 1189.091 1191.21 1193.09 1195.666 1198.54 1200.981 1203.156 1207.959 1217.248 1221.576 1226.119 1229.177 1232.039 1234.727 1237.641 1238.563 1239.585 1241.11 1243.163 1246.435 1248.961 1251.061 1253.006 1253.777 1252.062 1250.466 1248.603 1246.849 1245.716 1244.847 1243.536 1241.589 1238.882 1237.607 1234.642 1231.801 1228.886 1226.438 1223.633
1191.062 1191.583 1192.106 1192.403 1192.921 1194.047 1194.133 1193.289 1191.431 1191.792 1195.299 1194.915 1194.502 1193.731 1192.361 1192.674 1191.992 1191.169 1190.67 1189.856 1189.632 1189.426 1189.946 1191.025 1192.468 1194.079 1196.546 1199.152 1202.021 1204.449 1206.492 1212.578 1220.136 1225.064 1229.677 1233.063 1234.923 1237.305 1239.728 1241.938 1243.428 1245.129 1247.018 1251.222 1255.292 1258.723 1259.513 1258.556 1256.289 1254.526 1252.918 1251.02 1250.448 1250.477 1247.797 1244.636 1242.286 1240.559 1238.455 1235.568 1232.154 1229.435 1226.74
1197.534 1197.949 1197.768 1197.589 1200.03 1199.03 1197.986 1197.33 1195.708 1199.043 1200.898 1200.877 1198.434 1198.414 1198.097 1197.429 1196.04 1195.951 1195.152 1194.067 1193.736 1193.37 1194.467 1195.606 1196.786 1197.994 1199.605 1202.391 1205.752 1208.182 1210.035 1215.146 1224.186 1228.448 1232.125 1235.989 1237.438 1240.438 1242.405 1244.696 1246.664 1248.466 1255.364 1261.139 1264.613 1265.778 1265.056 1263.127 1261.131 1259.599 1257.584 1256.431 1255.507 1254.34 1252.818 1248.805 1246.32 1244.127 1241.713 1238.8 1235.607 1232.511 1229.549
1204.159 1204.149 1203.761 1203.906 1203.682 1203.245 1201.965 1201.279 1201.226 1204.32 1206.734 1206.72 1205.224 1204.551 1203.812 1201.821 1200.363 1200.015 1199.556 1198.821 1198.687 1198.578 1199.223 1199.754 1201.042 1202.417 1203.668 1206.142 1208.843 1211.839 1214.578 1221.493 1228.19 1231.726 1235.235 1238.134 1240.881 1243.299 1245.223 1247.241 1249.37 1253.612 1263.976 1269.724 1272.002 1271.339 1269.524 1267.724 1265.39 1263.884 1263.095 1262.309 1261.359 1260.469 1258.936 1255.441 1251.308 1248.347 1245.458 1242.786 1238.566 1235.289 1232.699
1207.529 1207.409 1207.5 1207.301 1207.137 1207.037 1205.89 1206.367 1209.593 1211.482 1213.245 1214.854 1213.301 1210.658 1208.664 1208.707 1207.309 1205.031 1204.218 1203.827 1203.457 1202.836 1203.445 1205.015 1205.44 1206.522 1207.538 1209.904 1212.72 1214.989 1218.994 1225.175 1230.932 1234.296 1237.506 1240.953 1243.603 1246.093 1248.773 1251.309 1253.044 1259.669 1268.879 1274.776 1276.176 1276.573 1275.454 1273.801 1272.133 1270.017 1268.797 1267.902 1266.884 1265.413 1263.541 1260.85 1257.506 1252.639 1249.636 1245.768 1241.546 1238.654 1235.849
1209.628 1209.61 1210.3 1210.045 1209.805 1209.812 1209.667 1210.537 1212.767 1215.238 1217.94 1219.48 1219.323 1217.945 1216.53 1216.894 1214.601 1210.8 1209.92 1209.284 1208.869 1207.624 1208.899 1210.346 1209.876 1210.337 1212.198 1214.077 1216.109 1218.107 1222.328 1227.584 1233.378 1237.059 1240.059 1243.474 1246.597 1249.083 1252.037 1256.723 1262.155 1268.407 1276.069 1280.868 1282.253 1282.392 1280.898 1279.38 1278.075 1276.122 1275.44 1273.785 1271.782 1269.534 1267.5 1264.297 1261.186 1256.635 1253.235 1248.973 1244.759 1241.663 1239.392
1211.905 1211.895 1212.282 1212.525 1212.3 1211.976 1213.382 1215.897 1216.951 1220.165 1222.088 1223.083 1222.665 1221.798 1221.781 1221.26 1219.503 1216.89 1215.654 1214.752 1213.324 1212.153 1212.748 1213.843 1214.012 1215.547 1216.929 1218.472 1220.51 1222.735 1226.62 1231.434 1235.682 1239.891 1243.08 1246.351 1249.536 1252.423 1256.734 1263.184 1269.49 1276.157 1282.527 1285.399 1287.159 1286.704 1285.753 1284.396 1283.279 1281.592 1279.855 1277.83 1275.634 1273.122 1270.774 1267.646 1264.143 1260.212 1257.237 1252.588 1248.091 1245.209 1242.887
1213.97 1214.123 1214.094 1214.458 1214.886 1215.394 1217.024 1220.728 1221.275 1222.329 1223.577 1223.938 1223.918 1223.65 1224.202 1223.638 1222.528 1221.605 1220.296 1218.264 1216.138 1215.899 1216.784 1217.388 1218.948 1220.403 1221.614 1222.505 1224.34 1226.306 1230.272 1235.164 1239.433 1243.461 1246.58 1249.471 1252.213 1255.935 1263.517 1269.531 1275.594 1281.808 1287.122 1289.631 1290.836 1290.539 1289.461 1287.9 1287.062 1285.728 1283.85 1282.301 1279.981 1277.073 1273.642 1270.456 1267.184 1262.868 1260.34 1256.242 1251.683 1248.914 1246.089
1216.251 1216.256 1216.411 1216.461 1217.207 1219.085 1220.914 1223.565 1224.338 1223.873 1223.769 1223.98 1224.401 1224.872 1225.026 1224.47 1223.758 1223.496 1222.479 1220.8 1219.457 1219.274 1220.827 1221.77 1223.634 1225.054 1226.027 1226.951 1228.55 1230.28 1234.31 1239.795 1244.331 1247.004 1249.492 1252.287 1254.814 1262.379 1270.492 1276.382 1280.895 1285.262 1289.459 1292.38 1294.146 1294.568 1293.308 1291.382 1289.646 1288.209 1286.753 1285.557 1283.894 1280.74 1276.971 1272.932 1269.779 1266.414 1263.314 1260.026 1255.562 1252.215 1249.418
1218.585 1218.627 1219.059 1219.285 1220.02 1222.249 1223.78 1226.224 1226.515 1225.953 1225.366 1225.154 1225.536 1226.433 1225.488 1224.877 1224.906 1224.69 1223.849 1223.136 1222.714 1223.357 1224.343 1225.91 1227.561 1230.075 1230.876 1230.98 1232.283 1235.08 1239.121 1243.325 1247.259 1250.505 1253.19 1255.567 1261.211 1268.141 1275.364 1281.127 1285.609 1289.904 1293.571 1295.84 1297.296 1296.706 1295.614 1294.019 1292.424 1290.377 1288.985 1287.87 1286.151 1283.41 1279.308 1275.807 1273.15 1270.061 1266.246 1263.248 1259.352 1255.816 1252.647
1222.119 1222.32 1222.702 1222.798 1223.271 1224.864 1227.354 1229.193 1229.615 1228.943 1228.15 1227.286 1227.76 1227.184 1226.095 1225.411 1225.846 1226.456 1226.252 1225.837 1225.904 1226.975 1228.663 1229.961 1231.85 1234.191 1234.857 1234.65 1236.226 1238.543 1242.881 1247.979 1250.526 1253.641 1256.893 1260.844 1267.154 1273.599 1280.085 1285.783 1289.611 1295.553 1297.161 1298.639 1299.335 1299.333 1298.832 1296.936 1294.901 1292.873 1291.001 1289.578 1288.156 1285.41 1281.497 1278.461 1275.652 1272.731 1269.397 1265.775 1262.116 1258.551 1255.689
1226.135 1225.949 1226.77 1227.259 1227.015 1227.995 1229.833 1232.362 1232.602 1231.946 1231.084 1230.518 1230.13 1228.229 1227.224 1227.286 1228.402 1228.528 1228.973 1229.1 1229.904 1230.599 1232.045 1233.949 1236.014 1237.637 1238.097 1238.203 1239.89 1242.535 1247.363 1250.719 1253.999 1256.767 1259.992 1264.426 1272.91 1278.816 1284.94 1289.22 1292.805 1296.527 1299.125 1300.602 1302.486 1302.676 1302.051 1299.82 1297.824 1295.813 1293.981 1291.866 1289.858 1287.535 1284.214 1281.54 1278.763 1275.562 1271.729 1268.636 1264.98 1261.505 1258.198
1230.218 1230.244 1230.578 1230.43 1230.639 1231.627 1233.851 1235.321 1235.247 1235.151 1235.014 1234.393 1231.944 1229.932 1229.451 1230.434 1231.013 1231.352 1232.188 1233.273 1233.941 1235.407 1236.023 1237.901 1239.498 1240.687 1241.276 1241.927 1243.452 1247.286 1251.786 1253.597 1257.383 1259.896 1262.729 1268.63 1276.558 1282.99 1288.652 1292.992 1296.362 1299.487 1302.176 1304.728 1307.268 1306.473 1305.143 1302.861 1301.145 1298.98 1296.88 1294.515 1292.177 1289.979 1288.275 1284.919 1281.793 1278.481 1274.798 1271.288 1267.857 1264.103 1260.424
1235.019 1235.245 1234.697 1234.179 1234.278 1235.344 1237.457 1239.109 1238.836 1239.131 1238.036 1235.829 1234.39 1232.278 1232.762 1233.524 1234.033 1234.601 1236.174 1237.141 1238.705 1239.184 1241.442 1241.667 1242.559 1244.114 1244.74 1245.487 1247.143 1251.383 1254.211 1257.062 1259.855 1262.906 1265.469 1273.099 1281.084 1287.313 1292.359 1296.858 1300.472 1303.19 1306.31 1309.669 1311.092 1310.444 1309.032 1307.659 1305.372 1303.27 1300.742 1297.85 1295.102 1292.29 1290.21 1288.356 1285.339 1281.878 1277.899 1274.229 1270.24 1266.536 1263.101
1239.265 1239.267 1238.702 1238.329 1238.073 1238.94 1241.279 1242.45 1242.575 1240.805 1240.539 1238.257 1235.843 1235.046 1235.983 1236.974 1237.432 1237.958 1239.222 1241.829 1243.929 1243.927 1245.537 1245.833 1246.875 1247.536 1247.371 1248.259 1251.331 1254.277 1256.873 1259.516 1262.284 1265.563 1268.893 1276.367 1284.366 1291.317 1296.054 1300.49 1304.547 1307.345 1310.47 1313.68 1314.68 1313.768 1312.661 1310.791 1308.201 1306.193 1303.673 1300.749 1297.884 1294.552 1292.233 1290.4 1288.24 1284.773 1280.921 1276.864 1272.677 1269.584 1266.417
1242.73 1242.628 1242.696 1242.806 1241.155 1242.746 1244.328 1244.401 1243.375 1241.713 1241.034 1239.171 1238.363 1238.59 1239.294 1240.277 1240.908 1241.667 1243.035 1245.163 1248.244 1248.659 1248.791 1248.998 1249.635 1250.526 1250.594 1251.907 1254.343 1256.684 1259.104 1262.083 1264.792 1267.148 1272.334 1279.081 1286.725 1294.174 1299.275 1303.591 1307.775 1311.36 1314.978 1316.916 1317.139 1316.506 1315.066 1313.138 1310.841 1308.636 1306.36 1303.6 1300.616 1296.621 1294.231 1292.43 1290.456 1287.757 1283.795 1279.812 1275.895 1272.774 1269.776
1246.327 1246.001 1246.357 1245.876 1244.395 1245.66 1246.15 1245.34 1243.81 1243.942 1242.532 1241.613 1241.089 1241.195 1242.803 1243.876 1244.397 1245.15 1246.185 1249.603 1251.127 1251.134 1251.439 1251.973 1252.917 1253.696 1252.812 1254.255 1256.764 1259.167 1261.667 1264.613 1268.053 1270.619 1276.343 1283.43 1289.789 1297.176 1303.518 1306.646 1310.975 1315.236 1318.064 1319.497 1319.835 1319.7 1317.776 1315.424 1313.202 1311.154 1308.793 1306.534 1303.486 1299.799 1297.1 1294.713 1292.522 1289.651 1285.582 1282.773 1279.231 1276.249 1273.231
1249.481 1249.05 1248.962 1249.321 1247.871 1247.176 1247.214 1247.175 1246.459 1246.249 1245.178 1244.74 1244.545 1245.442 1246.087 1247.006 1248.138 1248.652 1249.662 1252.363 1252.855 1253.391 1253.637 1254.629 1256.141 1255.811 1255.252 1256.51 1259.369 1262.26 1264.704 1268.452 1272.261 1275.245 1281.759 1288.711 1294.58 1300.858 1305.833 1309.572 1313.526 1317.532 1320.523 1322.282 1323.624 1322.865 1320.772 1318.759 1316.304 1313.854 1311.059 1308.179 1305.952 1302.815 1299.866 1297.116 1294.486 1291.396 1288.614 1285.471 1282.591 1279.348 1276.612
1252.328 1252.618 1252.518 1251.499 1250.308 1249.39 1249.073 1248.909 1248.55 1247.837 1248.025 1247.539 1247.803 1248.624 1249.377 1250.009 1250.254 1251.725 1253.411 1255.781 1256.668 1256.349 1256.994 1258.871 1258.085 1257.786 1257.467 1258.466 1261.499 1265.183 1267.941 1272.588 1276.819 1280.532 1285.537 1292.466 1298.606 1304.323 1308.625 1312.07 1315.997 1320.733 1323.437 1325.375 1326.889 1326.159 1324.011 1322.574 1319.928 1316.713 1313.819 1310.952 1308.401 1305.991 1302.838 1299.484 1296.909 1294.174 1291.46 1288.373 1285.84 1282.641 1280.125
1255.382 1255.453 1255.183 1255.125 1253.046 1251.215 1250.628 1250.369 1250.44 1250.687 1251.105 1251.881 1252.37 1251.802 1251.954 1252.837 1253.572 1254.781 1257.016 1259.969 1259.688 1258.715 1259.649 1260.766 1260.16 1259.7 1259.206 1261.241 1264.487 1267.205 1270.967 1276.234 1280.785 1283.898 1288.069 1295.102 1302.115 1306.571 1311.016 1314.852 1319.321 1323.654 1326.405 1328.217 1329.473 1329.254 1327.504 1326.003 1323.576 1320.798 1317.812 1314.182 1311.192 1308.59 1305.69 1302.473 1299.542 1296.597 1294.408 1291.721 1289.422 1286.506 1283.58
1258.337 1258.768 1259.158 1258.585 1255.232 1252.818 1251.921 1252.547 1254.529 1253.119 1254.506 1255.229 1255.097 1254.452 1254.911 1255.693 1257.294 1258.806 1260.162 1261.792 1261.419 1261.063 1261.314 1261.974 1261.52 1261.179 1261.757 1263.733 1267.098 1271.056 1276.636 1280.992 1284.758 1288.009 1291.866 1299.219 1305.18 1309.489 1313.875 1318.127 1322.178 1326.479 1329.068 1330.333 1331.293 1332.335 1331.185 1329.035 1326.652 1324.021 1321.549 1317.561 1314.084 1311.121 1308.657 1305.068 1302.065 1299.319 1296.935 1294.265 1291.916 1289.615 1286.977
1261.504 1261.179 1261.243 1260.333 1257.075 1254.172 1252.976 1255.109 1255.659 1255.716 1256.3 1256.144 1255.947 1256.861 1257.869 1258.29 1259.657 1261.159 1263.65 1263.307 1262.951 1263.523 1263.298 1263.734 1264.029 1264.064 1264.52 1266.174 1269.599 1273.418 1280.76 1285.883 1288.644 1291.548 1295.134 1303.739 1308.151 1312.162 1317.59 1321.709 1325.122 1328.79 1330.625 1331.87 1333.041 1335.869 1334.63 1332.635 1330.316 1327.756 1325.509 1321.299 1317.49 1314.463 1312 1307.703 1305.146 1302.008 1300.45 1298.102 1294.82 1292.973 1290.127
1263.073 1262.953 1262.712 1261.34 1259.092 1256.095 1254.599 1256.918 1257.414 1257.715 1257.776 1257.64 1257.747 1259.193 1260.132 1260.447 1261.236 1262.645 1264.41 1264.486 1264.851 1265.229 1265.493 1265.972 1266.89 1267.365 1267.328 1268.544 1271.235 1277.196 1283.916 1289.331 1292.275 1294.73 1298.917 1306.065 1311.06 1315.841 1320.329 1324.216 1327.256 1330.477 1332.666 1335.402 1339.753 1340.25 1338.603 1336.716 1334.491 1331.042 1328.807 1325.574 1321.778 1317.868 1314.715 1310.814 1308.06 1306.109 1303.599 1301.165 1298.548 1295.916 1294.068
1264.447 1264.187 1263.625 1263.91 1261.156 1257.777 1255.249 1258.198 1260.216 1262.468 1259.955 1259.174 1259.002 1260.931 1261.998 1262.018 1262.692 1264.251 1265.406 1266.05 1266.499 1266.694 1266.809 1267.695 1268.568 1269.559 1270.489 1272.515 1275.66 1281.847 1287.84 1292.469 1295.718 1298.425 1303.994 1309.269 1314.507 1319.225 1322.955 1326.524 1329.857 1332.485 1335.909 1341.012 1342.491 1342.654 1342.061 1340.137 1337.641 1335.49 1331.83 1328.516 1325.867 1321.502 1317.636 1313.824 1311.769 1309.907 1307.644 1305.089 1302.927 1299.247 1297.445
