data/terrain1_ascii/hc_cp_ascii_5m.asc
ncols         607
nrows         569
xllcorner     612166.73
yllcorner     5467513.83
cellsize      5
NODATA_value  -9999
[rows 532 to 559 of 569, columns 252 to 314 of 607]
1057.828 1061.175 1062.865 1064.695 1066.791 1068.899 1070.912 1072.859 1075.118 1076.397 1076.791 1078.009 1079.983 1081.075 1082.644 1086.667 1087.713 1088.206 1090.695 1089.508 1087.111 1087.304 1087.734 1089.96 1095.865 1099.026 1101.221 1099.676 1088.758 1078.27 1076.536 1068.738 1058.659 1046.827 1047.059 1049.956 1052.841 1055.059 1059.604 1065.421 1070.753 1074.841 1078.606 1082.564 1086.58 1090.73 1094.814 1099.867 1111.365 1126.744 1128.915 1134.005 1137.564 1150.81 1164.118 1184.971 1208.053 1216.184 1229.1 1236.592 1243.385 1246.779 1252.636
1049.778 1055.107 1059.311 1062.214 1064.568 1066.015 1067.666 1069.869 1071.489 1072.775 1073.597 1075.329 1076.984 1076.705 1076.924 1080.305 1082.557 1083.935 1085.678 1085.603 1080.772 1076.166 1071.156 1071.853 1078.522 1086.562 1089.251 1077.009 1064.613 1060.775 1065.854 1062.588 1052.928 1042.714 1042.819 1045.233 1049.183 1054.7 1059.918 1064.973 1069.204 1073.238 1076.488 1079.974 1083.757 1087.766 1091.274 1094.447 1098.105 1107.68 1118.487 1125.848 1130.411 1140.632 1155.011 1174.407 1197.755 1212.051 1225.2 1235.426 1241.652 1244.003 1245.5
1041.601 1050.495 1056.236 1059.423 1062.194 1062.957 1063.515 1064.878 1066.286 1067.721 1069.718 1071.214 1072.594 1071.66 1071.986 1073.006 1074.961 1076.847 1077.336 1078.743 1078.449 1074.071 1069.233 1064.869 1058.797 1070.992 1069.883 1068.597 1061.539 1051.603 1055.461 1054.38 1042.609 1037.962 1040.521 1046.351 1051.288 1056.236 1060.039 1063.644 1066.984 1070.728 1074.314 1077.238 1080.567 1083.824 1087.052 1090.052 1094.132 1103.876 1116.204 1123.743 1128.915 1135.704 1151.118 1164.214 1191.572 1203.312 1210.063 1228.82 1238.299 1241.92 1242.71
1026.626 1037.653 1046.485 1055.358 1055.726 1053.996 1055.859 1058.463 1061.904 1063.613 1063.989 1060.028 1061.02 1063.887 1068.805 1069.082 1062.995 1065.57 1065.837 1069.479 1074.179 1074.152 1069.627 1063.172 1055.286 1051.571 1059.478 1059.807 1057.312 1047.808 1047.791 1042.024 1033.548 1033.73 1040.321 1046.898 1051.333 1054.852 1058.264 1061.446 1064.596 1067.637 1070.696 1074.813 1077.62 1079.248 1082.638 1086.654 1091.744 1099.81 1113.991 1122.377 1129.069 1137.038 1148.042 1162.598 1182.582 1200.455 1209.52 1219.689 1230.988 1237.478 1239.57
1020.731 1020.502 1023.614 1034.552 1042.091 1047.366 1051.936 1053.386 1054.243 1051.795 1050.437 1051.757 1055.964 1061.238 1066.477 1067.69 1060.531 1050.633 1048.913 1054.938 1058.607 1061.935 1057.043 1053.122 1048.027 1047.044 1048.776 1050.922 1050.183 1044.708 1035.694 1029.634 1028.339 1030.509 1039.313 1045.428 1048.998 1052.257 1055.665 1058.367 1061.43 1065.066 1068.531 1071.294 1073.255 1077.54 1082.142 1087.001 1091.549 1096.087 1110.662 1120.777 1128.578 1137.642 1144.192 1157.058 1169.136 1198.372 1209.456 1215.908 1228.433 1233.988 1236.778
1016.087 1015.354 1016.904 1022.315 1032.566 1041.928 1046.856 1046.339 1044.006 1040.522 1042.037 1045.754 1051.692 1059.444 1059.148 1058.934 1061.724 1056.696 1045.872 1034.193 1030.3 1031.045 1033.002 1036.759 1033.184 1036.852 1040.818 1041.364 1044.921 1039.814 1028.435 1024.069 1025.273 1027.662 1036.054 1043.573 1046.724 1049.216 1052.324 1055.444 1058.499 1061.88 1064.763 1069.394 1073.816 1078.29 1082.297 1086.897 1091.464 1095.002 1105.516 1115.236 1125.697 1135.34 1143.216 1153.334 1161.279 1194.056 1207.348 1214.944 1225.039 1229.81 1231.45
1008.885 1010.589 1013.158 1016.581 1021.765 1038.097 1040.043 1037.546 1035.567 1033.511 1031.402 1039.045 1046.506 1047.479 1044.744 1049.922 1054.039 1056.461 1049.402 1031.553 1014.832 1015.005 1016.028 1014.725 1017.598 1023.824 1032.437 1032.849 1033.73 1028.039 1021.463 1019.654 1023.324 1026.536 1033.07 1039.089 1042.504 1045.872 1049.517 1052.745 1056.498 1061.172 1067 1071.474 1076.197 1080.241 1084.064 1088.132 1091.969 1095.688 1100.825 1105.503 1114.433 1123.801 1138.472 1150.26 1155.751 1175.016 1194.703 1211.874 1217.373 1225.095 1225.608
1001.22 1007.615 1008.565 1009.402 1012.764 1017.843 1024.812 1023.375 1026.115 1023.169 1021.411 1022.93 1029.002 1032.226 1039.171 1047.469 1050.519 1051.523 1051.073 1039.011 1009.549 1003.729 1005.409 1006.453 1006.435 1010.048 1023.216 1025.626 1022.791 1017.197 1015.065 1017.798 1021.842 1025.831 1030.412 1035.251 1038.444 1043.573 1049.239 1053.909 1058.625 1063.205 1067.39 1071.744 1075.399 1079.459 1084.044 1088.594 1092.385 1096.093 1098.598 1100.808 1103.184 1114.077 1126.394 1138.39 1147.761 1158.005 1180.742 1202.908 1212.573 1215.892 1218.002
994.1152 997.8789 1002.254 1003.991 1003.958 1008.379 1008.076 1009.881 1009.344 1010.041 1014.481 1012.429 1020.044 1024.393 1031.969 1043.842 1046.323 1047.411 1045.105 1015.964 1007.376 997.6638 994.1888 994.2914 996.0402 998.5801 1001.901 1009.225 1010.851 1009.442 1012.81 1019.554 1025.021 1028.473 1031.134 1036.337 1041.198 1046.673 1051.07 1055.522 1059.28 1063.238 1067.219 1071.129 1075.462 1079.651 1084.253 1088.458 1090.959 1093.28 1095.17 1097.237 1099.656 1101.565 1116.404 1130.864 1142.479 1157.192 1166.522 1190.91 1201.339 1208.171 1212.087
989.3495 994.0696 997.4553 995.9944 996.0693 996.4368 995.5162 990.6335 988.0732 992.2411 1000.084 1001.832 1005.578 1009.695 1015.831 1030.704 1039.434 1020.826 1003.897 996.491 989.9262 988.6639 985.5815 984.5109 985.5256 987.6037 993.0107 998.9252 1003.06 1007.764 1011.812 1018.656 1024.454 1029.203 1033.284 1036.829 1042.007 1047.266 1051.818 1056.594 1060.318 1063.776 1067.968 1072.005 1076.026 1080.257 1083.125 1085.938 1087.317 1089.338 1091.452 1094.13 1095.36 1097.046 1102.689 1128.924 1135.599 1153.83 1161.62 1170.074 1192.078 1200.855 1206.634
984.7012 985.6658 988.8099 989.5893 985.1655 982.2262 982.2932 977.6131 979.8001 985.4064 991.3336 990.8985 990.7929 988.7659 992.9664 989.1035 989.3807 983.8181 978.9666 977.9885 976.5486 973.8248 975.5022 978.6376 982.2746 985.8459 992.1461 998.1151 1002.977 1008.815 1013.607 1018.575 1024.771 1029.556 1033.87 1038.473 1043.374 1047.855 1052.123 1056.752 1060.976 1064.654 1068.526 1072.737 1076.761 1079.475 1080.586 1082.031 1083.687 1085.564 1088.016 1090.129 1091.198 1092.286 1095.757 1118.391 1131.043 1138.247 1154.737 1161.636 1179.995 1192.454 1200.124
972.4318 975.759 976.8555 977.1287 970.4754 964.9638 967.1439 968.6952 973.118 977.3521 980.2613 978.6842 971.0084 974.3536 975.0724 974.4146 972.566 973.5973 968.4977 966.6835 966.0726 970.0081 977.2722 981.6062 987.2455 991.5342 998.8268 1004.051 1006.976 1014.137 1017.506 1021.215 1026.034 1031.16 1035.67 1040.393 1044.759 1049.08 1053.091 1057.443 1061.693 1065.895 1069.037 1072.326 1074.451 1076.267 1077.051 1078.264 1079.912 1081.898 1084.65 1086.395 1086.916 1088.483 1091.926 1102.604 1118.493 1131.101 1141.585 1155.174 1167.558 1187.691 1195.152
960.3925 963.151 964.3315 962.9792 957.7724 954.291 956.3162 960.4909 966.1738 970.8178 972.8821 965.2131 960.1786 962.507 962.9213 963.8477 962.2371 960.8765 960.7556 961.8576 966.6152 975.3015 981.53 988.0549 994.001 999.5438 1008.551 1011.458 1013.398 1017.728 1021.699 1025.539 1029.886 1033.843 1037.893 1042.307 1046.695 1050.761 1054.504 1058.358 1061.586 1064.607 1067.4 1069.69 1071.567 1072.845 1073.421 1074.721 1075.778 1078.178 1080.626 1081.883 1082.553 1084.935 1088.226 1092.74 1110.461 1124.966 1129.631 1143.151 1154.482 1182.183 1189.248
954.4683 955.6675 956.454 952.5646 948.0211 949.5416 952.0377 954.3922 958.4668 961.7055 960.2415 952.9023 948.6171 952.3232 953.0509 952.8802 951.4043 953.0977 955.441 963.6334 971.425 977.8168 988.932 995.2216 997.9921 1009.616 1015.836 1016.768 1018.308 1020.779 1024.626 1028.88 1033.083 1036.701 1040.422 1044.196 1048.022 1051.885 1055.432 1057.981 1059.917 1062.598 1064.985 1067.031 1068.82 1069.668 1069.743 1070.727 1069.875 1074.522 1076.452 1077.896 1078.422 1081.171 1086 1090.921 1103.599 1112.724 1121.971 1131.508 1153.27 1170.061 1185.096
946.0674 946.7416 945.1321 941.3915 941.7187 944.2036 945.4505 941.5411 945.0832 945.2856 944.1258 940.3912 942.1758 942.2877 943.6564 945.8477 948.5367 954.8719 962.3171 971.468 975.9753 983.1971 996.1965 999.5515 1013.694 1018.382 1019.851 1021.313 1022.597 1024.153 1027.044 1031.203 1034.758 1038.445 1042.513 1045.821 1049.054 1052.135 1053.827 1054.886 1057.48 1059.963 1062.401 1064.411 1066.415 1066.086 1065.778 1067.13 1068.642 1071.115 1073.017 1073.239 1074.615 1077.323 1081.806 1089.067 1098.208 1106.817 1116.617 1129.048 1148.661 1160.448 1179.618
934.5376 935.7389 936.1735 935.2466 937.188 941.6636 938.877 931.7237 931.5689 932.5293 929.7159 930.4518 932.2477 938.041 943.2842 950.3171 957.043 963.3171 973.3162 982.2893 985.5626 991.2642 1001.482 1003.489 1013.261 1020.301 1023.197 1024.977 1026.299 1027.747 1029.912 1033.152 1036.382 1040.029 1043.502 1046.527 1049.216 1050.453 1050.524 1052.028 1054.884 1057.614 1059.943 1062.595 1063.393 1062.361 1061.746 1063.074 1065.246 1067.258 1068.394 1069.456 1071.023 1074.181 1079.053 1085.905 1094.563 1102.332 1113.078 1126.244 1142.94 1153.797 1172.247
928.1255 929.9619 929.357 930.9475 932.0002 934.0098 926.4114 923.7081 924.8062 924.2985 923.4143 926.2045 933.2144 944.4697 952.8062 957.973 963.5311 971.6768 979.2227 987.3051 993.8177 998.2286 1006.612 1008.331 1016.562 1021.815 1024.733 1027.329 1029.38 1031.248 1033.189 1035.347 1038.215 1041.108 1043.154 1044.573 1046.653 1047.71 1046.911 1049.364 1052.223 1055.28 1058.446 1060.09 1060.033 1058.351 1057.598 1059.327 1061.773 1063.443 1064.507 1065.672 1068.077 1072.121 1076.795 1081.722 1089.313 1094.572 1107.185 1121.227 1144.195 1152.56 1161.672
921.3152 920.205 921.7242 925.2638 924.4913 919.7305 916.8319 915.4662 917.7224 918.8208 922.4531 930.4871 939.7498 951.0573 958.3805 962.4991 968.2982 976.7036 983.9163 991.758 997.2805 1001.654 1005.815 1012.291 1016.986 1021.269 1025.376 1028.5 1031.704 1033.691 1035.539 1037.259 1038.483 1039.251 1040.391 1041.654 1042.798 1042.571 1043.691 1046.724 1050.72 1054.381 1055.989 1056.269 1054.935 1053.359 1053.203 1055.94 1058.817 1059.402 1060.195 1062.688 1066.38 1069.543 1072.944 1077.593 1083.98 1090.458 1100.269 1113.521 1140.771 1147.542 1155.922
913.7527 913.7236 914.7028 919.1904 914.3165 911.5726 909.5887 911.6133 915.0097 920.7831 927.5836 937.3859 945.7997 953.3223 962.8359 969.3993 976.1671 981.8667 986.8978 992.0534 997.924 1002.273 1005.142 1011.331 1016.242 1020.409 1023.73 1027.609 1030.612 1032.406 1033.752 1034.898 1035.66 1036.224 1037.317 1038.651 1038.819 1038.545 1041.42 1045.489 1049.771 1053.172 1052.119 1049.364 1047.395 1047.601 1048.469 1052.803 1055.078 1055.016 1056.565 1060.192 1064.132 1067.546 1070.867 1075.759 1082.557 1088.373 1095.091 1108.376 1133.031 1144.521 1152.932
907.2612 908.0743 908.5729 908.4916 906.7363 904.9583 907.0218 911.533 916.5265 923.827 931.7121 940.0304 949.1413 956.8504 963.3675 969.1724 974.8115 980.0395 985.5593 990.5143 995.9054 998.3378 1001.027 1006.567 1013.032 1017.178 1021.395 1025.046 1028.117 1029.674 1030.854 1031.947 1032.309 1032.39 1033.798 1034.425 1033.649 1035.561 1038.871 1044.727 1048.996 1052.276 1050.386 1045.734 1042.631 1042.437 1044.526 1048.369 1050.605 1051.036 1052.953 1058.075 1062.084 1064.892 1066.903 1072.123 1079.341 1083.721 1091.274 1103.145 1123.652 1142.942 1151.015
900.3574 901.4368 902.2576 900.9922 897.7223 900.6302 906.884 911.3515 916.8035 925.2085 932.7907 941.879 949.9271 956.1065 961.92 965.8033 969.6166 975.7379 981.2063 987.0049 990.7108 993.6823 997.1048 1002.174 1007.51 1013.326 1017.462 1022.944 1025.15 1027.214 1028.141 1028.591 1028.386 1026.479 1026.531 1027.814 1029.861 1033.905 1038.286 1042.561 1047.405 1050.337 1049.685 1045.926 1039.545 1039.003 1037.454 1042.641 1046.595 1047.131 1050.268 1054.866 1058.625 1060.959 1063.574 1065.598 1072.34 1077.991 1085.568 1095.319 1115.407 1139.334 1144.56
893.7194 893.2719 890.9236 890.9542 894.5325 899.9093 905.4149 910.8029 917.4235 925.1808 934.3512 942.1851 948.8789 953.5618 958.4117 961.8365 965.7947 970.1584 975.5602 980.5815 985.5481 989.9235 993.8687 998.4087 1002.95 1007.327 1013.077 1018.16 1022.03 1024.023 1024.502 1024.421 1023.239 1021.66 1020.702 1023.78 1027.986 1034.428 1038.373 1041.944 1045.543 1048.502 1048.865 1045.222 1038.132 1035.029 1034.824 1036.761 1040.122 1043.958 1047.141 1050.167 1053.414 1057.004 1060.175 1063.247 1067.051 1072.109 1084.439 1095.587 1109.78 1125.592 1138.718
886.775 885.8625 886.9564 890.9796 896.9772 901.7213 907.5011 911.6384 917.2059 923.5776 934.2404 940.2108 945.3892 950.4874 954.6368 959.3463 964.5546 969.1302 974.4287 978.8049 983.2914 987.6168 991.9728 996.4386 1000.266 1003.614 1010.494 1014.766 1018.479 1019.327 1019.285 1016.682 1018.055 1014.423 1018.127 1022.938 1028.006 1033.509 1038.291 1041.724 1044.356 1046.48 1046.662 1043.946 1037.769 1031.81 1031.822 1033.318 1035.283 1040.217 1043.795 1046.573 1049.885 1053.318 1057.342 1061.531 1064.565 1068.608 1077.867 1099.118 1111.569 1123.896 1134.644
878.6998 882.6035 888.6685 893.9033 898.5738 903.4531 908.3398 913.4507 918.139 924.2844 932.9373 939.0668 944.3443 949.3621 955.1397 959.9283 964.2026 969.5085 974.1351 978.1011 982.3547 986.1115 990.1848 993.9045 996.6645 1000.262 1004.655 1009.78 1014.146 1013.16 1011.454 1006.619 1007.07 1010.815 1017.57 1021.961 1025.94 1030.483 1035.084 1037.39 1039.664 1042.51 1044.115 1042.891 1036.852 1028.674 1028.322 1029.719 1031.569 1034.504 1039.88 1043.833 1046.768 1049.812 1054.962 1059.162 1063.221 1067.402 1077.53 1096.729 1112.065 1125.841 1133.116
882.3389 887.8051 892.1846 896.8524 900.9672 905.4838 911.7473 915.2172 920.8287 929.4405 936.162 942.8917 948.0773 953.3866 958.8071 962.4073 967.4799 972.0458 975.4608 978.6454 982.0979 985.6874 988.3284 990.3904 992.415 996.6964 1001.223 1004 1009.515 1004.911 999.9407 1001.142 1003.398 1009.047 1014.523 1016.871 1020.422 1023.923 1028.164 1031.84 1033.911 1037.394 1040.512 1037.714 1032.885 1023.704 1023.559 1025.989 1028.948 1031.593 1035.419 1039.441 1044.148 1048.962 1053.648 1058.274 1062.664 1067.027 1073.604 1101.061 1110.985 1124.725 1129.505
891.1566 895.4233 898.2973 901.4683 903.801 911.0495 918.3425 922.2454 924.662 930.3293 938.0238 945.8989 951.0194 955.5288 961.2584 966.6853 971.3757 975.4332 978.1208 980.4856 982.9073 984.3147 985.0508 986.5952 988.4985 993.9199 998.288 999.9083 996.0801 994.0621 994.9254 997.4769 1001.825 1008.788 1012.269 1012.886 1014.653 1019.218 1023.95 1026.54 1027.51 1032.334 1036.71 1030.655 1020.122 1018.214 1019.96 1023.604 1026.594 1029.522 1034.011 1039.042 1043.342 1048.416 1053.353 1058.124 1062.318 1066.358 1080.189 1106.4 1108.83 1116.26 1121.983
900.7367 903.7638 905.042 906.3441 910.1698 918.5408 926.2252 928.3709 930.306 934.4053 941.202 946.2955 951.8415 957.4559 963.0878 967.9302 972.373 975.0137 977.891 980.1851 981.8149 981.5005 980.9601 981.6021 983.7891 990.8951 994.3965 990.0396 988.3104 988.9551 991.662 994.5685 1001.882 1005.035 1006.544 1006.831 1008.707 1014.606 1018.358 1018.879 1021.018 1023.852 1028.618 1020.192 1012.693 1014.186 1017.675 1021.208 1024.154 1027.673 1032.676 1038.449 1042.778 1047.997 1052.769 1057.237 1061.488 1064.938 1087.725 1102.147 1104.516 1106.599 1117.172
906.559 908.2999 909.9069 911.924 916.2896 922.7674 929.2188 933.0533 935.1069 938.4435 942.8254 949.4761 953.8084 958.6131 963.9806 967.9576 970.2546 972.7737 975.9086 977.8511 978.6342 977.8698 976.6205 977.2416 981.3387 986.9014 989.3554 984.7073 983.2933 985.1498 988.4238 992.7451 1000.614 1000.99 998.2917 999.2792 1004.623 1010.873 1011.862 1009.392 1008.483 1014.831 1013.314 1010.525 1008.882 1011.557 1015.391 1019.462 1022.586 1027.728 1032.887 1038.054 1042.661 1048.262 1052.589 1056.464 1060.852 1065.171 1078.589 1094.11 1100.65 1099.593 1104.037
